-0.01484 -0.01502 -0.01532 -0.01592 -0.01650 -0.01719 -0.01758 -0.01782 -0.01758 -0.01719 -0.01650 -0.01592 -0.01532 -0.01502 -0.01484 
-0.01502 -0.01510 -0.01555 -0.01609 -0.01688 -0.01753 -0.01814 -0.01828 -0.01814 -0.01753 -0.01688 -0.01609 -0.01555 -0.01510 -0.01502 
-0.01532 -0.01555 -0.01599 -0.01684 -0.01777 -0.01888 -0.01966 -0.02006 -0.01966 -0.01888 -0.01777 -0.01684 -0.01599 -0.01555 -0.01532 
-0.01592 -0.01609 -0.01684 -0.01791 -0.01949 -0.02116 -0.02279 -0.02346 -0.02279 -0.02116 -0.01949 -0.01791 -0.01684 -0.01609 -0.01592 
-0.01650 -0.01688 -0.01777 -0.01949 -0.02184 -0.02499 -0.02823 -0.03027 -0.02823 -0.02499 -0.02184 -0.01949 -0.01777 -0.01688 -0.01650 
-0.01719 -0.01753 -0.01888 -0.02116 -0.02499 -0.03061 -0.03838 -0.04522 -0.03838 -0.03061 -0.02499 -0.02116 -0.01888 -0.01753 -0.01719 
-0.01758 -0.01814 -0.01966 -0.02279 -0.02823 -0.03838 -0.05739 -0.08827 -0.05739 -0.03838 -0.02823 -0.02279 -0.01966 -0.01814 -0.01758 
-0.01782 -0.01828 -0.02006 -0.02346 -0.03027 -0.04522 -0.08827 -0.25481 -0.08827 -0.04522 -0.03027 -0.02346 -0.02006 -0.01828 -0.01782 
-0.01758 -0.01814 -0.01966 -0.02279 -0.02823 -0.03838 -0.05739 -0.08827 -0.05739 -0.03838 -0.02823 -0.02279 -0.01966 -0.01814 -0.01758 
-0.01719 -0.01753 -0.01888 -0.02116 -0.02499 -0.03061 -0.03838 -0.04522 -0.03838 -0.03061 -0.02499 -0.02116 -0.01888 -0.01753 -0.01719 
-0.01650 -0.01688 -0.01777 -0.01949 -0.02184 -0.02499 -0.02823 -0.03027 -0.02823 -0.02499 -0.02184 -0.01949 -0.01777 -0.01688 -0.01650 
-0.01592 -0.01609 -0.01684 -0.01791 -0.01949 -0.02116 -0.02279 -0.02346 -0.02279 -0.02116 -0.01949 -0.01791 -0.01684 -0.01609 -0.01592 
-0.01532 -0.01555 -0.01599 -0.01684 -0.01777 -0.01888 -0.01966 -0.02006 -0.01966 -0.01888 -0.01777 -0.01684 -0.01599 -0.01555 -0.01532 
-0.01502 -0.01510 -0.01555 -0.01609 -0.01688 -0.01753 -0.01814 -0.01828 -0.01814 -0.01753 -0.01688 -0.01609 -0.01555 -0.01510 -0.01502 
-0.01484 -0.01502 -0.01532 -0.01592 -0.01650 -0.01719 -0.01758 -0.01782 -0.01758 -0.01719 -0.01650 -0.01592 -0.01532 -0.01502 -0.01484 
