-0.22292 -0.22533 -0.22857 -0.23247 -0.22857 -0.22533 -0.22292 
-0.22533 -0.22695 -0.23425 -0.24026 -0.23425 -0.22695 -0.22533 
-0.22857 -0.23425 -0.25033 -0.28134 -0.25033 -0.23425 -0.22857 
-0.23247 -0.24026 -0.28134 -0.44646 -0.28134 -0.24026 -0.23247 
-0.22857 -0.23425 -0.25033 -0.28134 -0.25033 -0.23425 -0.22857 
-0.22533 -0.22695 -0.23425 -0.24026 -0.23425 -0.22695 -0.22533 
-0.22292 -0.22533 -0.22857 -0.23247 -0.22857 -0.22533 -0.22292 
